; ENVI Output of ROIs (5.5.2) [Fri Jun  7 15:08:07 2019]
; Number of ROIs: 8
; File Dimension: 650 x 650
;
; ROI name: FlorestaDensa
; ROI rgb value: {139, 0, 0}
; ROI npts: 1122
;
; ROI name: FlorestaDegradada
; ROI rgb value: {205, 0, 0}
; ROI npts: 2678
;
; ROI name: RegeneracaoJovem
; ROI rgb value: {255, 0, 0}
; ROI npts: 902
;
; ROI name: Pastagem_1
; ROI rgb value: {0, 0, 255}
; ROI npts: 1271
;
; ROI name: Pastagem_2
; ROI rgb value: {0, 0, 205}
; ROI npts: 690
;
; ROI name: Solo_1
; ROI rgb value: {0, 255, 0}
; ROI npts: 453
;
; ROI name: Solo_2
; ROI rgb value: {255, 255, 0}
; ROI npts: 603
;
; ROI name: Solo_3
; ROI rgb value: {0, 255, 255}
; ROI npts: 142
;   Addr
    3371
    3372
    3373
    3374
    3375
    3376
    3377
    3378
    3379
    3380
    3381
    3382
    3383
    3384
    3385
    3386
    3387
    3388
    3389
    3390
    3391
    3392
    3393
    3394
    3395
    3396
    3397
    3398
    3399
    3400
    3401
    3402
    3403
    3404
    4021
    4022
    4023
    4024
    4025
    4026
    4027
    4028
    4029
    4030
    4031
    4032
    4033
    4034
    4035
    4036
    4037
    4038
    4039
    4040
    4041
    4042
    4043
    4044
    4045
    4046
    4047
    4048
    4049
    4050
    4051
    4052
    4053
    4054
    4671
    4672
    4673
    4674
    4675
    4676
    4677
    4678
    4679
    4680
    4681
    4682
    4683
    4684
    4685
    4686
    4687
    4688
    4689
    4690
    4691
    4692
    4693
    4694
    4695
    4696
    4697
    4698
    4699
    4700
    4701
    4702
    4703
    4704
    5321
    5322
    5323
    5324
    5325
    5326
    5327
    5328
    5329
    5330
    5331
    5332
    5333
    5334
    5335
    5336
    5337
    5338
    5339
    5340
    5341
    5342
    5343
    5344
    5345
    5346
    5347
    5348
    5349
    5350
    5351
    5352
    5353
    5354
    5971
    5972
    5973
    5974
    5975
    5976
    5977
    5978
    5979
    5980
    5981
    5982
    5983
    5984
    5985
    5986
    5987
    5988
    5989
    5990
    5991
    5992
    5993
    5994
    5995
    5996
    5997
    5998
    5999
    6000
    6001
    6002
    6003
    6004
    6621
    6622
    6623
    6624
    6625
    6626
    6627
    6628
    6629
    6630
    6631
    6632
    6633
    6634
    6635
    6636
    6637
    6638
    6639
    6640
    6641
    6642
    6643
    6644
    6645
    6646
    6647
    6648
    6649
    6650
    6651
    6652
    6653
    6654
    7271
    7272
    7273
    7274
    7275
    7276
    7277
    7278
    7279
    7280
    7281
    7282
    7283
    7284
    7285
    7286
    7287
    7288
    7289
    7290
    7291
    7292
    7293
    7294
    7295
    7296
    7297
    7298
    7299
    7300
    7301
    7302
    7303
    7304
    7921
    7922
    7923
    7924
    7925
    7926
    7927
    7928
    7929
    7930
    7931
    7932
    7933
    7934
    7935
    7936
    7937
    7938
    7939
    7940
    7941
    7942
    7943
    7944
    7945
    7946
    7947
    7948
    7949
    7950
    7951
    7952
    7953
    7954
    8571
    8572
    8573
    8574
    8575
    8576
    8577
    8578
    8579
    8580
    8581
    8582
    8583
    8584
    8585
    8586
    8587
    8588
    8589
    8590
    8591
    8592
    8593
    8594
    8595
    8596
    8597
    8598
    8599
    8600
    8601
    8602
    8603
    8604
    9221
    9222
    9223
    9224
    9225
    9226
    9227
    9228
    9229
    9230
    9231
    9232
    9233
    9234
    9235
    9236
    9237
    9238
    9239
    9240
    9241
    9242
    9243
    9244
    9245
    9246
    9247
    9248
    9249
    9250
    9251
    9252
    9253
    9254
    9871
    9872
    9873
    9874
    9875
    9876
    9877
    9878
    9879
    9880
    9881
    9882
    9883
    9884
    9885
    9886
    9887
    9888
    9889
    9890
    9891
    9892
    9893
    9894
    9895
    9896
    9897
    9898
    9899
    9900
    9901
    9902
    9903
    9904
   10521
   10522
   10523
   10524
   10525
   10526
   10527
   10528
   10529
   10530
   10531
   10532
   10533
   10534
   10535
   10536
   10537
   10538
   10539
   10540
   10541
   10542
   10543
   10544
   10545
   10546
   10547
   10548
   10549
   10550
   10551
   10552
   10553
   10554
   11171
   11172
   11173
   11174
   11175
   11176
   11177
   11178
   11179
   11180
   11181
   11182
   11183
   11184
   11185
   11186
   11187
   11188
   11189
   11190
   11191
   11192
   11193
   11194
   11195
   11196
   11197
   11198
   11199
   11200
   11201
   11202
   11203
   11204
   11821
   11822
   11823
   11824
   11825
   11826
   11827
   11828
   11829
   11830
   11831
   11832
   11833
   11834
   11835
   11836
   11837
   11838
   11839
   11840
   11841
   11842
   11843
   11844
   11845
   11846
   11847
   11848
   11849
   11850
   11851
   11852
   11853
   11854
   12471
   12472
   12473
   12474
   12475
   12476
   12477
   12478
   12479
   12480
   12481
   12482
   12483
   12484
   12485
   12486
   12487
   12488
   12489
   12490
   12491
   12492
   12493
   12494
   12495
   12496
   12497
   12498
   12499
   12500
   12501
   12502
   12503
   12504
   13121
   13122
   13123
   13124
   13125
   13126
   13127
   13128
   13129
   13130
   13131
   13132
   13133
   13134
   13135
   13136
   13137
   13138
   13139
   13140
   13141
   13142
   13143
   13144
   13145
   13146
   13147
   13148
   13149
   13150
   13151
   13152
   13153
   13154
   13771
   13772
   13773
   13774
   13775
   13776
   13777
   13778
   13779
   13780
   13781
   13782
   13783
   13784
   13785
   13786
   13787
   13788
   13789
   13790
   13791
   13792
   13793
   13794
   13795
   13796
   13797
   13798
   13799
   13800
   13801
   13802
   13803
   13804
   14421
   14422
   14423
   14424
   14425
   14426
   14427
   14428
   14429
   14430
   14431
   14432
   14433
   14434
   14435
   14436
   14437
   14438
   14439
   14440
   14441
   14442
   14443
   14444
   14445
   14446
   14447
   14448
   14449
   14450
   14451
   14452
   14453
   14454
   15071
   15072
   15073
   15074
   15075
   15076
   15077
   15078
   15079
   15080
   15081
   15082
   15083
   15084
   15085
   15086
   15087
   15088
   15089
   15090
   15091
   15092
   15093
   15094
   15095
   15096
   15097
   15098
   15099
   15100
   15101
   15102
   15103
   15104
   15721
   15722
   15723
   15724
   15725
   15726
   15727
   15728
   15729
   15730
   15731
   15732
   15733
   15734
   15735
   15736
   15737
   15738
   15739
   15740
   15741
   15742
   15743
   15744
   15745
   15746
   15747
   15748
   15749
   15750
   15751
   15752
   15753
   15754
   16371
   16372
   16373
   16374
   16375
   16376
   16377
   16378
   16379
   16380
   16381
   16382
   16383
   16384
   16385
   16386
   16387
   16388
   16389
   16390
   16391
   16392
   16393
   16394
   16395
   16396
   16397
   16398
   16399
   16400
   16401
   16402
   16403
   16404
   17021
   17022
   17023
   17024
   17025
   17026
   17027
   17028
   17029
   17030
   17031
   17032
   17033
   17034
   17035
   17036
   17037
   17038
   17039
   17040
   17041
   17042
   17043
   17044
   17045
   17046
   17047
   17048
   17049
   17050
   17051
   17052
   17053
   17054
   17671
   17672
   17673
   17674
   17675
   17676
   17677
   17678
   17679
   17680
   17681
   17682
   17683
   17684
   17685
   17686
   17687
   17688
   17689
   17690
   17691
   17692
   17693
   17694
   17695
   17696
   17697
   17698
   17699
   17700
   17701
   17702
   17703
   17704
   18321
   18322
   18323
   18324
   18325
   18326
   18327
   18328
   18329
   18330
   18331
   18332
   18333
   18334
   18335
   18336
   18337
   18338
   18339
   18340
   18341
   18342
   18343
   18344
   18345
   18346
   18347
   18348
   18349
   18350
   18351
   18352
   18353
   18354
   18971
   18972
   18973
   18974
   18975
   18976
   18977
   18978
   18979
   18980
   18981
   18982
   18983
   18984
   18985
   18986
   18987
   18988
   18989
   18990
   18991
   18992
   18993
   18994
   18995
   18996
   18997
   18998
   18999
   19000
   19001
   19002
   19003
   19004
   19621
   19622
   19623
   19624
   19625
   19626
   19627
   19628
   19629
   19630
   19631
   19632
   19633
   19634
   19635
   19636
   19637
   19638
   19639
   19640
   19641
   19642
   19643
   19644
   19645
   19646
   19647
   19648
   19649
   19650
   19651
   19652
   19653
   19654
   20271
   20272
   20273
   20274
   20275
   20276
   20277
   20278
   20279
   20280
   20281
   20282
   20283
   20284
   20285
   20286
   20287
   20288
   20289
   20290
   20291
   20292
   20293
   20294
   20295
   20296
   20297
   20298
   20299
   20300
   20301
   20302
   20303
   20304
   20921
   20922
   20923
   20924
   20925
   20926
   20927
   20928
   20929
   20930
   20931
   20932
   20933
   20934
   20935
   20936
   20937
   20938
   20939
   20940
   20941
   20942
   20943
   20944
   20945
   20946
   20947
   20948
   20949
   20950
   20951
   20952
   20953
   20954
   21571
   21572
   21573
   21574
   21575
   21576
   21577
   21578
   21579
   21580
   21581
   21582
   21583
   21584
   21585
   21586
   21587
   21588
   21589
   21590
   21591
   21592
   21593
   21594
   21595
   21596
   21597
   21598
   21599
   21600
   21601
   21602
   21603
   21604
   22221
   22222
   22223
   22224
   22225
   22226
   22227
   22228
   22229
   22230
   22231
   22232
   22233
   22234
   22235
   22236
   22237
   22238
   22239
   22240
   22241
   22242
   22243
   22244
   22245
   22246
   22247
   22248
   22249
   22250
   22251
   22252
   22253
   22254
   22871
   22872
   22873
   22874
   22875
   22876
   22877
   22878
   22879
   22880
   22881
   22882
   22883
   22884
   22885
   22886
   22887
   22888
   22889
   22890
   22891
   22892
   22893
   22894
   22895
   22896
   22897
   22898
   22899
   22900
   22901
   22902
   22903
   22904
   23521
   23522
   23523
   23524
   23525
   23526
   23527
   23528
   23529
   23530
   23531
   23532
   23533
   23534
   23535
   23536
   23537
   23538
   23539
   23540
   23541
   23542
   23543
   23544
   23545
   23546
   23547
   23548
   23549
   23550
   23551
   23552
   23553
   23554
   24171
   24172
   24173
   24174
   24175
   24176
   24177
   24178
   24179
   24180
   24181
   24182
   24183
   24184
   24185
   24186
   24187
   24188
   24189
   24190
   24191
   24192
   24193
   24194
   24195
   24196
   24197
   24198
   24199
   24200
   24201
   24202
   24203
   24204

    71062
    71709
    71710
    71711
    71712
    71713
    72356
    72357
    72358
    72359
    72360
    72361
    72362
    72363
    73004
    73005
    73006
    73007
    73008
    73009
    73010
    73011
    73012
    73013
    73014
    73651
    73652
    73653
    73654
    73655
    73656
    73657
    73658
    73659
    73660
    73661
    73662
    73663
    73664
    74298
    74299
    74300
    74301
    74302
    74303
    74304
    74305
    74306
    74307
    74308
    74309
    74310
    74311
    74312
    74313
    74314
    74315
    74946
    74947
    74948
    74949
    74950
    74951
    74952
    74953
    74954
    74955
    74956
    74957
    74958
    74959
    74960
    74961
    74962
    74963
    74964
    74965
    74966
    75593
    75594
    75595
    75596
    75597
    75598
    75599
    75600
    75601
    75602
    75603
    75604
    75605
    75606
    75607
    75608
    75609
    75610
    75611
    75612
    75613
    75614
    75615
    75616
    76240
    76241
    76242
    76243
    76244
    76245
    76246
    76247
    76248
    76249
    76250
    76251
    76252
    76253
    76254
    76255
    76256
    76257
    76258
    76259
    76260
    76261
    76262
    76263
    76264
    76265
    76266
    76267
    76888
    76889
    76890
    76891
    76892
    76893
    76894
    76895
    76896
    76897
    76898
    76899
    76900
    76901
    76902
    76903
    76904
    76905
    76906
    76907
    76908
    76909
    76910
    76911
    76912
    76913
    76914
    76915
    76916
    76917
    77535
    77536
    77537
    77538
    77539
    77540
    77541
    77542
    77543
    77544
    77545
    77546
    77547
    77548
    77549
    77550
    77551
    77552
    77553
    77554
    77555
    77556
    77557
    77558
    77559
    77560
    77561
    77562
    77563
    77564
    77565
    77566
    77567
    77568
    78182
    78183
    78184
    78185
    78186
    78187
    78188
    78189
    78190
    78191
    78192
    78193
    78194
    78195
    78196
    78197
    78198
    78199
    78200
    78201
    78202
    78203
    78204
    78205
    78206
    78207
    78208
    78209
    78210
    78211
    78212
    78213
    78214
    78215
    78216
    78217
    78218
    78830
    78831
    78832
    78833
    78834
    78835
    78836
    78837
    78838
    78839
    78840
    78841
    78842
    78843
    78844
    78845
    78846
    78847
    78848
    78849
    78850
    78851
    78852
    78853
    78854
    78855
    78856
    78857
    78858
    78859
    78860
    78861
    78862
    78863
    78864
    78865
    78866
    78867
    78868
    78869
    79477
    79478
    79479
    79480
    79481
    79482
    79483
    79484
    79485
    79486
    79487
    79488
    79489
    79490
    79491
    79492
    79493
    79494
    79495
    79496
    79497
    79498
    79499
    79500
    79501
    79502
    79503
    79504
    79505
    79506
    79507
    79508
    79509
    79510
    79511
    79512
    79513
    79514
    79515
    79516
    79517
    79518
    79519
    80124
    80125
    80126
    80127
    80128
    80129
    80130
    80131
    80132
    80133
    80134
    80135
    80136
    80137
    80138
    80139
    80140
    80141
    80142
    80143
    80144
    80145
    80146
    80147
    80148
    80149
    80150
    80151
    80152
    80153
    80154
    80155
    80156
    80157
    80158
    80159
    80160
    80161
    80162
    80163
    80164
    80165
    80166
    80167
    80168
    80169
    80170
    80771
    80772
    80773
    80774
    80775
    80776
    80777
    80778
    80779
    80780
    80781
    80782
    80783
    80784
    80785
    80786
    80787
    80788
    80789
    80790
    80791
    80792
    80793
    80794
    80795
    80796
    80797
    80798
    80799
    80800
    80801
    80802
    80803
    80804
    80805
    80806
    80807
    80808
    80809
    80810
    80811
    80812
    80813
    80814
    80815
    80816
    80817
    80818
    80819
    80820
    81419
    81420
    81421
    81422
    81423
    81424
    81425
    81426
    81427
    81428
    81429
    81430
    81431
    81432
    81433
    81434
    81435
    81436
    81437
    81438
    81439
    81440
    81441
    81442
    81443
    81444
    81445
    81446
    81447
    81448
    81449
    81450
    81451
    81452
    81453
    81454
    81455
    81456
    81457
    81458
    81459
    81460
    81461
    81462
    81463
    81464
    81465
    81466
    81467
    81468
    81469
    81470
    81471
    82066
    82067
    82068
    82069
    82070
    82071
    82072
    82073
    82074
    82075
    82076
    82077
    82078
    82079
    82080
    82081
    82082
    82083
    82084
    82085
    82086
    82087
    82088
    82089
    82090
    82091
    82092
    82093
    82094
    82095
    82096
    82097
    82098
    82099
    82100
    82101
    82102
    82103
    82104
    82105
    82106
    82107
    82108
    82109
    82110
    82111
    82112
    82113
    82114
    82115
    82116
    82117
    82118
    82119
    82120
    82121
    82122
    82713
    82714
    82715
    82716
    82717
    82718
    82719
    82720
    82721
    82722
    82723
    82724
    82725
    82726
    82727
    82728
    82729
    82730
    82731
    82732
    82733
    82734
    82735
    82736
    82737
    82738
    82739
    82740
    82741
    82742
    82743
    82744
    82745
    82746
    82747
    82748
    82749
    82750
    82751
    82752
    82753
    82754
    82755
    82756
    82757
    82758
    82759
    82760
    82761
    82762
    82763
    82764
    82765
    82766
    82767
    82768
    82769
    82770
    82771
    82772
    83361
    83362
    83363
    83364
    83365
    83366
    83367
    83368
    83369
    83370
    83371
    83372
    83373
    83374
    83375
    83376
    83377
    83378
    83379
    83380
    83381
    83382
    83383
    83384
    83385
    83386
    83387
    83388
    83389
    83390
    83391
    83392
    83393
    83394
    83395
    83396
    83397
    83398
    83399
    83400
    83401
    83402
    83403
    83404
    83405
    83406
    83407
    83408
    83409
    83410
    83411
    83412
    83413
    83414
    83415
    83416
    83417
    83418
    83419
    83420
    83421
    83422
    83423
    84008
    84009
    84010
    84011
    84012
    84013
    84014
    84015
    84016
    84017
    84018
    84019
    84020
    84021
    84022
    84023
    84024
    84025
    84026
    84027
    84028
    84029
    84030
    84031
    84032
    84033
    84034
    84035
    84036
    84037
    84038
    84039
    84040
    84041
    84042
    84043
    84044
    84045
    84046
    84047
    84048
    84049
    84050
    84051
    84052
    84053
    84054
    84055
    84056
    84057
    84058
    84059
    84060
    84061
    84062
    84063
    84064
    84065
    84066
    84067
    84068
    84069
    84070
    84071
    84072
    84073
    84655
    84656
    84657
    84658
    84659
    84660
    84661
    84662
    84663
    84664
    84665
    84666
    84667
    84668
    84669
    84670
    84671
    84672
    84673
    84674
    84675
    84676
    84677
    84678
    84679
    84680
    84681
    84682
    84683
    84684
    84685
    84686
    84687
    84688
    84689
    84690
    84691
    84692
    84693
    84694
    84695
    84696
    84697
    84698
    84699
    84700
    84701
    84702
    84703
    84704
    84705
    84706
    84707
    84708
    84709
    84710
    84711
    84712
    84713
    84714
    84715
    84716
    84717
    84718
    84719
    84720
    84721
    84722
    84723
    84724
    85303
    85304
    85305
    85306
    85307
    85308
    85309
    85310
    85311
    85312
    85313
    85314
    85315
    85316
    85317
    85318
    85319
    85320
    85321
    85322
    85323
    85324
    85325
    85326
    85327
    85328
    85329
    85330
    85331
    85332
    85333
    85334
    85335
    85336
    85337
    85338
    85339
    85340
    85341
    85342
    85343
    85344
    85345
    85346
    85347
    85348
    85349
    85350
    85351
    85352
    85353
    85354
    85355
    85356
    85357
    85358
    85359
    85360
    85361
    85362
    85363
    85364
    85365
    85366
    85367
    85368
    85369
    85370
    85371
    85372
    85373
    85374
    85950
    85951
    85952
    85953
    85954
    85955
    85956
    85957
    85958
    85959
    85960
    85961
    85962
    85963
    85964
    85965
    85966
    85967
    85968
    85969
    85970
    85971
    85972
    85973
    85974
    85975
    85976
    85977
    85978
    85979
    85980
    85981
    85982
    85983
    85984
    85985
    85986
    85987
    85988
    85989
    85990
    85991
    85992
    85993
    85994
    85995
    85996
    85997
    85998
    85999
    86000
    86001
    86002
    86003
    86004
    86005
    86006
    86007
    86008
    86009
    86010
    86011
    86012
    86013
    86014
    86015
    86016
    86017
    86018
    86019
    86020
    86021
    86022
    86023
    86024
    86025
    86597
    86598
    86599
    86600
    86601
    86602
    86603
    86604
    86605
    86606
    86607
    86608
    86609
    86610
    86611
    86612
    86613
    86614
    86615
    86616
    86617
    86618
    86619
    86620
    86621
    86622
    86623
    86624
    86625
    86626
    86627
    86628
    86629
    86630
    86631
    86632
    86633
    86634
    86635
    86636
    86637
    86638
    86639
    86640
    86641
    86642
    86643
    86644
    86645
    86646
    86647
    86648
    86649
    86650
    86651
    86652
    86653
    86654
    86655
    86656
    86657
    86658
    86659
    86660
    86661
    86662
    86663
    86664
    86665
    86666
    86667
    86668
    86669
    86670
    86671
    86672
    86673
    86674
    86675
    87246
    87247
    87248
    87249
    87250
    87251
    87252
    87253
    87254
    87255
    87256
    87257
    87258
    87259
    87260
    87261
    87262
    87263
    87264
    87265
    87266
    87267
    87268
    87269
    87270
    87271
    87272
    87273
    87274
    87275
    87276
    87277
    87278
    87279
    87280
    87281
    87282
    87283
    87284
    87285
    87286
    87287
    87288
    87289
    87290
    87291
    87292
    87293
    87294
    87295
    87296
    87297
    87298
    87299
    87300
    87301
    87302
    87303
    87304
    87305
    87306
    87307
    87308
    87309
    87310
    87311
    87312
    87313
    87314
    87315
    87316
    87317
    87318
    87319
    87320
    87321
    87322
    87323
    87324
    87325
    87326
    87897
    87898
    87899
    87900
    87901
    87902
    87903
    87904
    87905
    87906
    87907
    87908
    87909
    87910
    87911
    87912
    87913
    87914
    87915
    87916
    87917
    87918
    87919
    87920
    87921
    87922
    87923
    87924
    87925
    87926
    87927
    87928
    87929
    87930
    87931
    87932
    87933
    87934
    87935
    87936
    87937
    87938
    87939
    87940
    87941
    87942
    87943
    87944
    87945
    87946
    87947
    87948
    87949
    87950
    87951
    87952
    87953
    87954
    87955
    87956
    87957
    87958
    87959
    87960
    87961
    87962
    87963
    87964
    87965
    87966
    87967
    87968
    87969
    87970
    87971
    87972
    87973
    87974
    87975
    87976
    88547
    88548
    88549
    88550
    88551
    88552
    88553
    88554
    88555
    88556
    88557
    88558
    88559
    88560
    88561
    88562
    88563
    88564
    88565
    88566
    88567
    88568
    88569
    88570
    88571
    88572
    88573
    88574
    88575
    88576
    88577
    88578
    88579
    88580
    88581
    88582
    88583
    88584
    88585
    88586
    88587
    88588
    88589
    88590
    88591
    88592
    88593
    88594
    88595
    88596
    88597
    88598
    88599
    88600
    88601
    88602
    88603
    88604
    88605
    88606
    88607
    88608
    88609
    88610
    88611
    88612
    88613
    88614
    88615
    88616
    88617
    88618
    88619
    88620
    88621
    88622
    88623
    88624
    88625
    88626
    88627
    89197
    89198
    89199
    89200
    89201
    89202
    89203
    89204
    89205
    89206
    89207
    89208
    89209
    89210
    89211
    89212
    89213
    89214
    89215
    89216
    89217
    89218
    89219
    89220
    89221
    89222
    89223
    89224
    89225
    89226
    89227
    89228
    89229
    89230
    89231
    89232
    89233
    89234
    89235
    89236
    89237
    89238
    89239
    89240
    89241
    89242
    89243
    89244
    89245
    89246
    89247
    89248
    89249
    89250
    89251
    89252
    89253
    89254
    89255
    89256
    89257
    89258
    89259
    89260
    89261
    89262
    89263
    89264
    89265
    89266
    89267
    89268
    89269
    89270
    89271
    89272
    89273
    89274
    89275
    89276
    89277
    89278
    89848
    89849
    89850
    89851
    89852
    89853
    89854
    89855
    89856
    89857
    89858
    89859
    89860
    89861
    89862
    89863
    89864
    89865
    89866
    89867
    89868
    89869
    89870
    89871
    89872
    89873
    89874
    89875
    89876
    89877
    89878
    89879
    89880
    89881
    89882
    89883
    89884
    89885
    89886
    89887
    89888
    89889
    89890
    89891
    89892
    89893
    89894
    89895
    89896
    89897
    89898
    89899
    89900
    89901
    89902
    89903
    89904
    89905
    89906
    89907
    89908
    89909
    89910
    89911
    89912
    89913
    89914
    89915
    89916
    89917
    89918
    89919
    89920
    89921
    89922
    89923
    89924
    89925
    89926
    89927
    89928
    90498
    90499
    90500
    90501
    90502
    90503
    90504
    90505
    90506
    90507
    90508
    90509
    90510
    90511
    90512
    90513
    90514
    90515
    90516
    90517
    90518
    90519
    90520
    90521
    90522
    90523
    90524
    90525
    90526
    90527
    90528
    90529
    90530
    90531
    90532
    90533
    90534
    90535
    90536
    90537
    90538
    90539
    90540
    90541
    90542
    90543
    90544
    90545
    90546
    90547
    90548
    90549
    90550
    90551
    90552
    90553
    90554
    90555
    90556
    90557
    90558
    90559
    90560
    90561
    90562
    90563
    90564
    90565
    90566
    90567
    90568
    90569
    90570
    90571
    90572
    90573
    90574
    90575
    90576
    90577
    90578
    90579
    91148
    91149
    91150
    91151
    91152
    91153
    91154
    91155
    91156
    91157
    91158
    91159
    91160
    91161
    91162
    91163
    91164
    91165
    91166
    91167
    91168
    91169
    91170
    91171
    91172
    91173
    91174
    91175
    91176
    91177
    91178
    91179
    91180
    91181
    91182
    91183
    91184
    91185
    91186
    91187
    91188
    91189
    91190
    91191
    91192
    91193
    91194
    91195
    91196
    91197
    91198
    91199
    91200
    91201
    91202
    91203
    91204
    91205
    91206
    91207
    91208
    91209
    91210
    91211
    91212
    91213
    91214
    91215
    91216
    91217
    91218
    91219
    91220
    91221
    91222
    91223
    91224
    91225
    91226
    91227
    91228
    91229
    91799
    91800
    91801
    91802
    91803
    91804
    91805
    91806
    91807
    91808
    91809
    91810
    91811
    91812
    91813
    91814
    91815
    91816
    91817
    91818
    91819
    91820
    91821
    91822
    91823
    91824
    91825
    91826
    91827
    91828
    91829
    91830
    91831
    91832
    91833
    91834
    91835
    91836
    91837
    91838
    91839
    91840
    91841
    91842
    91843
    91844
    91845
    91846
    91847
    91848
    91849
    91850
    91851
    91852
    91853
    91854
    91855
    91856
    91857
    91858
    91859
    91860
    91861
    91862
    91863
    91864
    91865
    91866
    91867
    91868
    91869
    91870
    91871
    91872
    91873
    91874
    91875
    91876
    91877
    91878
    91879
    91880
    92449
    92450
    92451
    92452
    92453
    92454
    92455
    92456
    92457
    92458
    92459
    92460
    92461
    92462
    92463
    92464
    92465
    92466
    92467
    92468
    92469
    92470
    92471
    92472
    92473
    92474
    92475
    92476
    92477
    92478
    92479
    92480
    92481
    92482
    92483
    92484
    92485
    92486
    92487
    92488
    92489
    92490
    92491
    92492
    92493
    92494
    92495
    92496
    92497
    92498
    92499
    92500
    92501
    92502
    92503
    92504
    92505
    92506
    92507
    92508
    92509
    92510
    92511
    92512
    92513
    92514
    92515
    92516
    92517
    92518
    92519
    92520
    92521
    92522
    92523
    92524
    92525
    92526
    92527
    92528
    92529
    92530
    93100
    93101
    93102
    93103
    93104
    93105
    93106
    93107
    93108
    93109
    93110
    93111
    93112
    93113
    93114
    93115
    93116
    93117
    93118
    93119
    93120
    93121
    93122
    93123
    93124
    93125
    93126
    93127
    93128
    93129
    93130
    93131
    93132
    93133
    93134
    93135
    93136
    93137
    93138
    93139
    93140
    93141
    93142
    93143
    93144
    93145
    93146
    93147
    93148
    93149
    93150
    93151
    93152
    93153
    93154
    93155
    93156
    93157
    93158
    93159
    93160
    93161
    93162
    93163
    93164
    93165
    93166
    93167
    93168
    93169
    93170
    93171
    93172
    93173
    93174
    93175
    93176
    93177
    93178
    93750
    93751
    93752
    93753
    93754
    93755
    93756
    93757
    93758
    93759
    93760
    93761
    93762
    93763
    93764
    93765
    93766
    93767
    93768
    93769
    93770
    93771
    93772
    93773
    93774
    93775
    93776
    93777
    93778
    93779
    93780
    93781
    93782
    93783
    93784
    93785
    93786
    93787
    93788
    93789
    93790
    93791
    93792
    93793
    93794
    93795
    93796
    93797
    93798
    93799
    93800
    93801
    93802
    93803
    93804
    93805
    93806
    93807
    93808
    93809
    93810
    93811
    93812
    93813
    93814
    93815
    93816
    93817
    93818
    93819
    93820
    93821
    93822
    93823
    93824
    93825
    94400
    94401
    94402
    94403
    94404
    94405
    94406
    94407
    94408
    94409
    94410
    94411
    94412
    94413
    94414
    94415
    94416
    94417
    94418
    94419
    94420
    94421
    94422
    94423
    94424
    94425
    94426
    94427
    94428
    94429
    94430
    94431
    94432
    94433
    94434
    94435
    94436
    94437
    94438
    94439
    94440
    94441
    94442
    94443
    94444
    94445
    94446
    94447
    94448
    94449
    94450
    94451
    94452
    94453
    94454
    94455
    94456
    94457
    94458
    94459
    94460
    94461
    94462
    94463
    94464
    94465
    94466
    94467
    94468
    94469
    94470
    94471
    94472
    95051
    95052
    95053
    95054
    95055
    95056
    95057
    95058
    95059
    95060
    95061
    95062
    95063
    95064
    95065
    95066
    95067
    95068
    95069
    95070
    95071
    95072
    95073
    95074
    95075
    95076
    95077
    95078
    95079
    95080
    95081
    95082
    95083
    95084
    95085
    95086
    95087
    95088
    95089
    95090
    95091
    95092
    95093
    95094
    95095
    95096
    95097
    95098
    95099
    95100
    95101
    95102
    95103
    95104
    95105
    95106
    95107
    95108
    95109
    95110
    95111
    95112
    95113
    95114
    95115
    95116
    95117
    95118
    95119
    95701
    95702
    95703
    95704
    95705
    95706
    95707
    95708
    95709
    95710
    95711
    95712
    95713
    95714
    95715
    95716
    95717
    95718
    95719
    95720
    95721
    95722
    95723
    95724
    95725
    95726
    95727
    95728
    95729
    95730
    95731
    95732
    95733
    95734
    95735
    95736
    95737
    95738
    95739
    95740
    95741
    95742
    95743
    95744
    95745
    95746
    95747
    95748
    95749
    95750
    95751
    95752
    95753
    95754
    95755
    95756
    95757
    95758
    95759
    95760
    95761
    95762
    95763
    95764
    95765
    95766
    96351
    96352
    96353
    96354
    96355
    96356
    96357
    96358
    96359
    96360
    96361
    96362
    96363
    96364
    96365
    96366
    96367
    96368
    96369
    96370
    96371
    96372
    96373
    96374
    96375
    96376
    96377
    96378
    96379
    96380
    96381
    96382
    96383
    96384
    96385
    96386
    96387
    96388
    96389
    96390
    96391
    96392
    96393
    96394
    96395
    96396
    96397
    96398
    96399
    96400
    96401
    96402
    96403
    96404
    96405
    96406
    96407
    96408
    96409
    96410
    96411
    96412
    96413
    97002
    97003
    97004
    97005
    97006
    97007
    97008
    97009
    97010
    97011
    97012
    97013
    97014
    97015
    97016
    97017
    97018
    97019
    97020
    97021
    97022
    97023
    97024
    97025
    97026
    97027
    97028
    97029
    97030
    97031
    97032
    97033
    97034
    97035
    97036
    97037
    97038
    97039
    97040
    97041
    97042
    97043
    97044
    97045
    97046
    97047
    97048
    97049
    97050
    97051
    97052
    97053
    97054
    97055
    97056
    97057
    97058
    97059
    97652
    97653
    97654
    97655
    97656
    97657
    97658
    97659
    97660
    97661
    97662
    97663
    97664
    97665
    97666
    97667
    97668
    97669
    97670
    97671
    97672
    97673
    97674
    97675
    97676
    97677
    97678
    97679
    97680
    97681
    97682
    97683
    97684
    97685
    97686
    97687
    97688
    97689
    97690
    97691
    97692
    97693
    97694
    97695
    97696
    97697
    97698
    97699
    97700
    97701
    97702
    97703
    97704
    97705
    97706
    98303
    98304
    98305
    98306
    98307
    98308
    98309
    98310
    98311
    98312
    98313
    98314
    98315
    98316
    98317
    98318
    98319
    98320
    98321
    98322
    98323
    98324
    98325
    98326
    98327
    98328
    98329
    98330
    98331
    98332
    98333
    98334
    98335
    98336
    98337
    98338
    98339
    98340
    98341
    98342
    98343
    98344
    98345
    98346
    98347
    98348
    98349
    98350
    98351
    98352
    98353
    98953
    98954
    98955
    98956
    98957
    98958
    98959
    98960
    98961
    98962
    98963
    98964
    98965
    98966
    98967
    98968
    98969
    98970
    98971
    98972
    98973
    98974
    98975
    98976
    98977
    98978
    98979
    98980
    98981
    98982
    98983
    98984
    98985
    98986
    98987
    98988
    98989
    98990
    98991
    98992
    98993
    98994
    98995
    98996
    98997
    98998
    98999
    99000
    99603
    99604
    99605
    99606
    99607
    99608
    99609
    99610
    99611
    99612
    99613
    99614
    99615
    99616
    99617
    99618
    99619
    99620
    99621
    99622
    99623
    99624
    99625
    99626
    99627
    99628
    99629
    99630
    99631
    99632
    99633
    99634
    99635
    99636
    99637
    99638
    99639
    99640
    99641
    99642
    99643
    99644
    99645
    99646
    99647
   100254
   100255
   100256
   100257
   100258
   100259
   100260
   100261
   100262
   100263
   100264
   100265
   100266
   100267
   100268
   100269
   100270
   100271
   100272
   100273
   100274
   100275
   100276
   100277
   100278
   100279
   100280
   100281
   100282
   100283
   100284
   100285
   100286
   100287
   100288
   100289
   100290
   100291
   100292
   100293
   100904
   100905
   100906
   100907
   100908
   100909
   100910
   100911
   100912
   100913
   100914
   100915
   100916
   100917
   100918
   100919
   100920
   100921
   100922
   100923
   100924
   100925
   100926
   100927
   100928
   100929
   100930
   100931
   100932
   100933
   100934
   100935
   100936
   100937
   100938
   100939
   100940
   101554
   101555
   101556
   101557
   101558
   101559
   101560
   101561
   101562
   101563
   101564
   101565
   101566
   101567
   101568
   101569
   101570
   101571
   101572
   101573
   101574
   101575
   101576
   101577
   101578
   101579
   101580
   101581
   101582
   101583
   101584
   101585
   101586
   101587
   102205
   102206
   102207
   102208
   102209
   102210
   102211
   102212
   102213
   102214
   102215
   102216
   102217
   102218
   102219
   102220
   102221
   102222
   102223
   102224
   102225
   102226
   102227
   102228
   102229
   102230
   102231
   102232
   102233
   102234
   102855
   102856
   102857
   102858
   102859
   102860
   102861
   102862
   102863
   102864
   102865
   102866
   102867
   102868
   102869
   102870
   102871
   102872
   102873
   102874
   102875
   102876
   102877
   102878
   102879
   102880
   102881
   103506
   103507
   103508
   103509
   103510
   103511
   103512
   103513
   103514
   103515
   103516
   103517
   103518
   103519
   103520
   103521
   103522
   103523
   103524
   103525
   103526
   103527
   103528
   104156
   104157
   104158
   104159
   104160
   104161
   104162
   104163
   104164
   104165
   104166
   104167
   104168
   104169
   104170
   104171
   104172
   104173
   104174
   104806
   104807
   104808
   104809
   104810
   104811
   104812
   104813
   104814
   104815
   104816
   104817
   104818
   104819
   104820
   104821
   105457
   105458
   105459
   105460
   105461
   105462
   105463
   105464
   105465
   105466
   105467
   105468
   106107
   106108
   106109
   106110
   106111
   106112
   106113
   106114
   106115
   106757
   106758
   106759
   106760
   106761
   106762
   107408
   107409

   225386
   225387
   226036
   226037
   226038
   226039
   226040
   226041
   226685
   226686
   226687
   226688
   226689
   226690
   226691
   226692
   226693
   226694
   227335
   227336
   227337
   227338
   227339
   227340
   227341
   227342
   227343
   227344
   227345
   227346
   227347
   227348
   227985
   227986
   227987
   227988
   227989
   227990
   227991
   227992
   227993
   227994
   227995
   227996
   227997
   227998
   227999
   228000
   228001
   228634
   228635
   228636
   228637
   228638
   228639
   228640
   228641
   228642
   228643
   228644
   228645
   228646
   228647
   228648
   228649
   228650
   228651
   228652
   228653
   228654
   228655
   229352
   229353
   229354
   229355
   229356
   229357
   229284
   229285
   229286
   229287
   229288
   229289
   229290
   229291
   229292
   229293
   229294
   229295
   229296
   229297
   229298
   229299
   229300
   229301
   229302
   229303
   229304
   229305
   229306
   229307
   230001
   230002
   230003
   230004
   230005
   230006
   230007
   229934
   229935
   229936
   229937
   229938
   229939
   229940
   229941
   229942
   229943
   229944
   229945
   229946
   229947
   229948
   229949
   229950
   229951
   229952
   229953
   229954
   229955
   229956
   230651
   230652
   230653
   230654
   230655
   230656
   230583
   230584
   230585
   230586
   230587
   230588
   230589
   230590
   230591
   230592
   230593
   230594
   230595
   230596
   230597
   230598
   230599
   230600
   230601
   230602
   230603
   230604
   230605
   230606
   231301
   231302
   231303
   231304
   231305
   231306
   231233
   231234
   231235
   231236
   231237
   231238
   231239
   231240
   231241
   231242
   231243
   231244
   231245
   231246
   231247
   231248
   231249
   231250
   231251
   231252
   231253
   231254
   231255
   231950
   231951
   231952
   231953
   231954
   231955
   231956
   231883
   231884
   231885
   231886
   231887
   231888
   231889
   231890
   231891
   231892
   231893
   231894
   231895
   231896
   231897
   231898
   231899
   231900
   231901
   231902
   231903
   231904
   232600
   232601
   232602
   232603
   232604
   232605
   232532
   232533
   232534
   232535
   232536
   232537
   232538
   232539
   232540
   232541
   232542
   232543
   232544
   232545
   232546
   232547
   232548
   232549
   232550
   232551
   232552
   232553
   232554
   233249
   233250
   233251
   233252
   233253
   233254
   233255
   233182
   233183
   233184
   233185
   233186
   233187
   233188
   233189
   233190
   233191
   233192
   233193
   233194
   233195
   233196
   233197
   233198
   233199
   233200
   233201
   233202
   233203
   233899
   233900
   233901
   233902
   233903
   233904
   233905
   233836
   233837
   233838
   233839
   233840
   233841
   233842
   233843
   233844
   233845
   233846
   233847
   233848
   233849
   233850
   233851
   233852
   233853
   234549
   234550
   234551
   234552
   234553
   234554
   234493
   234494
   234495
   234496
   234497
   234498
   234499
   234500
   234501
   234502
   234503
   235198
   235199
   235200
   235201
   235202
   235203
   235204
   235150
   235151
   235152
   235153
   235848
   235849
   235850
   235851
   235852
   235853
   235854
   236497
   236498
   236499
   236500
   236501
   236502
   236503
   237147
   237148
   237149
   237150
   237151
   237152
   237153
   237797
   237798
   237799
   237800
   237801
   237802
   237803
   238446
   238447
   238448
   238449
   238450
   238451
   238452
   239089
   239090
   239091
   239092
   239093
   239094
   239095
   239096
   239097
   239098
   239099
   239100
   239101
   239102
   239733
   239734
   239735
   239736
   239737
   239738
   239739
   239740
   239741
   239742
   239743
   239744
   239745
   239746
   239747
   239748
   239749
   239750
   239751
   239752
   239753
   240383
   240384
   240385
   240386
   240387
   240388
   240389
   240390
   240391
   240392
   240393
   240394
   240395
   240396
   240397
   240398
   240399
   240400
   240401
   240402
   240403
   240404
   240405
   241032
   241033
   241034
   241035
   241036
   241037
   241038
   241039
   241040
   241041
   241042
   241043
   241044
   241045
   241046
   241047
   241048
   241049
   241050
   241051
   241052
   241053
   241054
   241055
   241056
   241682
   241683
   241684
   241685
   241686
   241687
   241688
   241689
   241690
   241691
   241692
   241693
   241694
   241695
   241696
   241697
   241698
   241699
   241700
   241701
   241702
   241703
   241704
   241705
   242332
   242333
   242334
   242335
   242336
   242337
   242338
   242339
   242340
   242341
   242342
   242343
   242344
   242345
   242346
   242347
   242348
   242349
   242350
   242351
   242352
   242353
   242354
   242355
   242981
   242982
   242983
   242984
   242985
   242986
   242987
   242988
   242989
   242990
   242991
   242992
   242993
   242994
   242995
   242996
   242997
   242998
   242999
   243000
   243001
   243002
   243003
   243004
   243005
   243631
   243632
   243633
   243634
   243635
   243636
   243637
   243638
   243639
   243640
   243641
   243642
   243643
   243644
   243645
   243646
   243647
   243648
   243649
   243650
   243651
   243652
   243653
   243654
   244281
   244282
   244283
   244284
   244285
   244286
   244287
   244288
   244289
   244290
   244291
   244292
   244293
   244294
   244295
   244296
   244297
   244298
   244299
   244300
   244301
   244302
   244303
   244304
   244930
   244931
   244932
   244933
   244934
   244935
   244936
   244937
   244938
   244939
   244940
   244941
   244942
   244943
   244944
   244945
   244946
   244947
   244948
   244949
   244950
   244951
   244952
   244953
   245580
   245581
   245582
   245583
   245584
   245585
   245586
   245587
   245588
   245589
   245590
   245591
   245592
   245593
   245594
   245595
   245596
   245597
   245598
   245599
   245600
   245601
   245602
   245603
   246230
   246231
   246232
   246233
   246234
   246235
   246236
   246237
   246238
   246239
   246240
   246241
   246242
   246243
   246244
   246245
   246246
   246247
   246248
   246249
   246250
   246251
   246252
   246253
   246879
   246880
   246881
   246882
   246883
   246884
   246885
   246886
   246887
   246888
   246889
   246890
   246891
   246892
   246893
   246894
   246895
   246896
   246897
   246898
   246899
   246900
   246901
   246902
   247529
   247530
   247531
   247532
   247533
   247534
   247535
   247536
   247537
   247538
   247539
   247540
   247541
   247542
   247543
   247544
   247545
   247546
   247547
   247548
   247549
   247550
   247551
   247552
   248179
   248180
   248181
   248182
   248183
   248184
   248185
   248186
   248187
   248188
   248189
   248190
   248191
   248192
   248193
   248194
   248195
   248196
   248197
   248198
   248199
   248200
   248201
   248202
   248828
   248829
   248830
   248831
   248832
   248833
   248834
   248835
   248836
   248837
   248838
   248839
   248840
   248841
   248842
   248843
   248844
   248845
   248846
   248847
   248848
   248849
   248850
   248851
   249478
   249479
   249480
   249481
   249482
   249483
   249484
   249485
   249486
   249487
   249488
   249489
   249490
   249491
   249492
   249493
   249494
   249495
   249496
   249497
   249498
   249499
   249500
   249501
   250128
   250129
   250130
   250131
   250132
   250133
   250134
   250135
   250136
   250137
   250138
   250139
   250140
   250141
   250142
   250143
   250144
   250145
   250146
   250147
   250148
   250149
   250150
   250777
   250778
   250779
   250780
   250781
   250782
   250783
   250784
   250785
   250786
   250787
   250788
   250789
   250790
   250791
   250792
   250793
   250794
   250795
   250796
   250797
   250798
   250799
   250800
   251427
   251428
   251429
   251430
   251431
   251432
   251433
   251434
   251435
   251436
   251437
   251438
   251439
   251440
   251441
   251442
   251443
   251444
   251445
   251446
   251447
   251448
   251449
   251450
   252079
   252080
   252081
   252082
   252083
   252084
   252085
   252086
   252087
   252088
   252089
   252090
   252091
   252092
   252093
   252094
   252095
   252096
   252097
   252098
   252099
   252732
   252733
   252734
   252735
   252736
   252737
   252738
   252739
   252740
   252741
   252742
   252743
   252744
   252745
   252746
   252747
   252748
   252749
   253386
   253387
   253388
   253389
   253390
   253391
   253392
   253393
   253394
   253395
   253396
   253397
   253398
   254039
   254040
   254041
   254042
   254043
   254044
   254045
   254046
   254047
   254048
   254693
   254694
   254695
   254696
   254697
   254698
   255346
   255347

   232029
   232030
   232678
   232679
   232680
   232681
   233327
   233328
   233329
   233330
   233331
   233332
   233333
   233976
   233977
   233978
   233979
   233980
   233981
   233982
   233983
   233984
   233985
   234625
   234626
   234627
   234628
   234629
   234630
   234631
   234632
   234633
   234634
   234635
   234636
   235274
   235275
   235276
   235277
   235278
   235279
   235280
   235281
   235282
   235283
   235284
   235285
   235286
   235287
   235288
   235923
   235924
   235925
   235926
   235927
   235928
   235929
   235930
   235931
   235932
   235933
   235934
   235935
   235936
   235937
   235938
   235939
   235940
   236571
   236572
   236573
   236574
   236575
   236576
   236577
   236578
   236579
   236580
   236581
   236582
   236583
   236584
   236585
   236586
   236587
   236588
   236589
   236590
   236591
   237220
   237221
   237222
   237223
   237224
   237225
   237226
   237227
   237228
   237229
   237230
   237231
   237232
   237233
   237234
   237235
   237236
   237237
   237238
   237239
   237240
   237241
   237242
   237243
   237869
   237870
   237871
   237872
   237873
   237874
   237875
   237876
   237877
   237878
   237879
   237880
   237881
   237882
   237883
   237884
   237885
   237886
   237887
   237888
   237889
   237890
   237891
   237892
   237893
   237894
   237895
   238518
   238519
   238520
   238521
   238522
   238523
   238524
   238525
   238526
   238527
   238528
   238529
   238530
   238531
   238532
   238533
   238534
   238535
   238536
   238537
   238538
   238539
   238540
   238541
   238542
   238543
   238544
   238545
   238546
   239167
   239168
   239169
   239170
   239171
   239172
   239173
   239174
   239175
   239176
   239177
   239178
   239179
   239180
   239181
   239182
   239183
   239184
   239185
   239186
   239187
   239188
   239189
   239190
   239191
   239192
   239193
   239194
   239195
   239196
   239197
   239816
   239817
   239818
   239819
   239820
   239821
   239822
   239823
   239824
   239825
   239826
   239827
   239828
   239829
   239830
   239831
   239832
   239833
   239834
   239835
   239836
   239837
   239838
   239839
   239840
   239841
   239842
   239843
   239844
   239845
   239846
   239847
   240465
   240466
   240467
   240468
   240469
   240470
   240471
   240472
   240473
   240474
   240475
   240476
   240477
   240478
   240479
   240480
   240481
   240482
   240483
   240484
   240485
   240486
   240487
   240488
   240489
   240490
   240491
   240492
   240493
   240494
   240495
   240496
   240497
   241115
   241116
   241117
   241118
   241119
   241120
   241121
   241122
   241123
   241124
   241125
   241126
   241127
   241128
   241129
   241130
   241131
   241132
   241133
   241134
   241135
   241136
   241137
   241138
   241139
   241140
   241141
   241142
   241143
   241144
   241145
   241146
   241147
   241767
   241768
   241769
   241770
   241771
   241772
   241773
   241774
   241775
   241776
   241777
   241778
   241779
   241780
   241781
   241782
   241783
   241784
   241785
   241786
   241787
   241788
   241789
   241790
   241791
   241792
   241793
   241794
   241795
   241796
   241797
   242419
   242420
   242421
   242422
   242423
   242424
   242425
   242426
   242427
   242428
   242429
   242430
   242431
   242432
   242433
   242434
   242435
   242436
   242437
   242438
   242439
   242440
   242441
   242442
   242443
   242444
   242445
   242446
   242447
   243071
   243072
   243073
   243074
   243075
   243076
   243077
   243078
   243079
   243080
   243081
   243082
   243083
   243084
   243085
   243086
   243087
   243088
   243089
   243090
   243091
   243092
   243093
   243094
   243095
   243096
   243097
   243722
   243723
   243724
   243725
   243726
   243727
   243728
   243729
   243730
   243731
   243732
   243733
   243734
   243735
   243736
   243737
   243738
   243739
   243740
   243741
   243742
   243743
   243744
   243745
   243746
   244374
   244375
   244376
   244377
   244378
   244379
   244380
   244381
   244382
   244383
   244384
   244385
   244386
   244387
   244388
   244389
   244390
   244391
   244392
   244393
   244394
   244395
   244396
   245026
   245027
   245028
   245029
   245030
   245031
   245032
   245033
   245034
   245035
   245036
   245037
   245038
   245039
   245040
   245041
   245042
   245043
   245044
   245045
   245046
   245678
   245679
   245680
   245681
   245682
   245683
   245684
   245685
   245686
   245687
   245688
   245689
   245690
   245691
   245692
   245693
   245694
   245695
   245696
   246330
   246331
   246332
   246333
   246334
   246335
   246336
   246337
   246338
   246339
   246340
   246341
   246342
   246343
   246344
   246345
   246346
   246982
   246983
   246984
   246985
   246986
   246987
   246988
   246989
   246990
   246991
   246992
   246993
   246994
   246995
   246996
   247613
   247614
   247634
   247635
   247636
   247637
   247638
   247639
   247640
   247641
   247642
   247643
   247644
   247645
   247646
   248262
   248263
   248264
   248265
   248286
   248287
   248288
   248289
   248290
   248291
   248292
   248293
   248294
   248295
   248296
   248911
   248912
   248913
   248914
   248915
   248916
   248917
   248937
   248938
   248939
   248940
   248941
   248942
   248943
   248944
   248945
   249560
   249561
   249562
   249563
   249564
   249565
   249566
   249567
   249568
   249569
   249589
   249590
   249591
   249592
   249593
   249594
   249595
   250209
   250210
   250211
   250212
   250213
   250214
   250215
   250216
   250217
   250218
   250219
   250220
   250241
   250242
   250243
   250244
   250858
   250859
   250860
   250861
   250862
   250863
   250864
   250865
   250866
   250867
   250868
   250869
   250870
   250871
   250872
   250873
   250893
   251507
   251508
   251509
   251510
   251511
   251512
   251513
   251514
   251515
   251516
   251517
   251518
   251519
   251520
   251521
   251522
   251523
   251524
   251525
   251526
   251527
   251528
   252156
   252157
   252158
   252159
   252160
   252161
   252162
   252163
   252164
   252165
   252166
   252167
   252168
   252169
   252170
   252171
   252172
   252173
   252174
   252175
   252176
   252177
   252178
   252179
   252180
   252181
   252182
   252805
   252806
   252807
   252808
   252809
   252810
   252811
   252812
   252813
   252814
   252815
   252816
   252817
   252818
   252819
   252820
   252821
   252822
   252823
   252824
   252825
   252826
   252827
   252828
   252829
   252830
   252831
   252832
   252833
   252834
   253454
   253455
   253456
   253457
   253458
   253459
   253460
   253461
   253462
   253463
   253464
   253465
   253466
   253467
   253468
   253469
   253470
   253471
   253472
   253473
   253474
   253475
   253476
   253477
   253478
   253479
   253480
   253481
   253482
   253483
   253484
   254103
   254104
   254105
   254106
   254107
   254108
   254109
   254110
   254111
   254112
   254113
   254114
   254115
   254116
   254117
   254118
   254119
   254120
   254121
   254122
   254123
   254124
   254125
   254126
   254127
   254128
   254129
   254130
   254131
   254132
   254133
   254134
   254135
   254752
   254753
   254754
   254755
   254756
   254757
   254758
   254759
   254760
   254761
   254762
   254763
   254764
   254765
   254766
   254767
   254768
   254769
   254770
   254771
   254772
   254773
   254774
   254775
   254776
   254777
   254778
   254779
   254780
   254781
   254782
   254783
   254784
   254785
   255401
   255402
   255403
   255404
   255405
   255406
   255407
   255408
   255409
   255410
   255411
   255412
   255413
   255414
   255415
   255416
   255417
   255418
   255419
   255420
   255421
   255422
   255423
   255424
   255425
   255426
   255427
   255428
   255429
   255430
   255431
   255432
   255433
   255434
   255435
   256051
   256052
   256053
   256054
   256055
   256056
   256057
   256058
   256059
   256060
   256061
   256062
   256063
   256064
   256065
   256066
   256067
   256068
   256069
   256070
   256071
   256072
   256073
   256074
   256075
   256076
   256077
   256078
   256079
   256080
   256081
   256082
   256083
   256084
   256085
   256086
   256702
   256703
   256704
   256705
   256706
   256707
   256708
   256709
   256710
   256711
   256712
   256713
   256714
   256715
   256716
   256717
   256718
   256719
   256720
   256721
   256722
   256723
   256724
   256725
   256726
   256727
   256728
   256729
   256730
   256731
   256732
   256733
   256734
   256735
   256736
   257353
   257354
   257355
   257356
   257357
   257358
   257359
   257360
   257361
   257362
   257363
   257364
   257365
   257366
   257367
   257368
   257369
   257370
   257371
   257372
   257373
   257374
   257375
   257376
   257377
   257378
   257379
   257380
   257381
   257382
   257383
   257384
   257385
   257386
   258004
   258005
   258006
   258007
   258008
   258009
   258010
   258011
   258012
   258013
   258014
   258015
   258016
   258017
   258018
   258019
   258020
   258021
   258022
   258023
   258024
   258025
   258026
   258027
   258028
   258029
   258030
   258031
   258032
   258033
   258034
   258035
   258036
   258037
   258655
   258656
   258657
   258658
   258659
   258660
   258661
   258662
   258663
   258664
   258665
   258666
   258667
   258668
   258669
   258670
   258671
   258672
   258673
   258674
   258675
   258676
   258677
   258678
   258679
   258680
   258681
   258682
   258683
   258684
   258685
   258686
   258687
   259306
   259307
   259308
   259309
   259310
   259311
   259312
   259313
   259314
   259315
   259316
   259317
   259318
   259319
   259320
   259321
   259322
   259323
   259324
   259325
   259326
   259327
   259328
   259329
   259330
   259331
   259332
   259333
   259334
   259335
   259336
   259337
   259957
   259958
   259959
   259960
   259961
   259962
   259963
   259964
   259965
   259966
   259967
   259968
   259969
   259970
   259971
   259972
   259973
   259974
   259975
   259976
   259977
   259978
   259979
   259980
   259981
   259982
   259983
   259984
   259985
   259986
   260608
   260609
   260610
   260611
   260612
   260613
   260614
   260615
   260616
   260617
   260618
   260619
   260620
   260621
   260622
   260623
   260624
   260625
   260626
   260627
   260628
   260629
   260630
   260631
   260632
   260633
   260634
   260635
   261259
   261260
   261261
   261262
   261263
   261264
   261265
   261266
   261267
   261268
   261269
   261270
   261271
   261272
   261273
   261274
   261275
   261276
   261277
   261278
   261279
   261280
   261281
   261282
   261283
   261284
   261910
   261911
   261912
   261913
   261914
   261915
   261916
   261917
   261918
   261919
   261920
   261921
   261922
   261923
   261924
   261925
   261926
   261927
   261928
   261929
   261930
   261931
   261932
   261933
   262561
   262562
   262563
   262564
   262565
   262566
   262567
   262568
   262569
   262570
   262571
   262572
   262573
   262574
   262575
   262576
   262577
   262578
   262579
   262580
   262581
   262582
   263212
   263213
   263214
   263215
   263216
   263217
   263218
   263219
   263220
   263221
   263222
   263223
   263224
   263225
   263226
   263227
   263228
   263229
   263230
   263231
   263863
   263864
   263865
   263866
   263867
   263868
   263869
   263870
   263871
   263872
   263873
   263874
   263875
   263876
   263877
   263878
   263879
   263880
   264514
   264515
   264516
   264517
   264518
   264519
   264520
   264521
   264522
   264523
   264524
   264525
   264526
   264527
   264528
   264529
   265165
   265166
   265167
   265168
   265169
   265170
   265171
   265172
   265173
   265174
   265175
   265176
   265177
   265178
   265816
   265817
   265818
   265819
   265820
   265821
   265822
   265823
   265824
   265825
   265826
   265827
   265828
   266467
   266468
   266469
   266470
   266471
   266472
   266473
   266474
   266475
   266476
   266477
   267118
   267119
   267120
   267121
   267122
   267123
   267124
   267125
   267126
   267769
   267770
   267771
   267772
   267773
   267774
   267775
   267776
   268420
   268421
   268422
   268423
   268424
   268425
   269071
   269072
   269073
   269074
   269075
   269722
   269723
   269724
   270373

   178961
   178962
   179609
   179610
   179611
   179612
   179613
   180258
   180259
   180260
   180261
   180262
   180263
   180264
   180265
   180908
   180909
   180910
   180911
   180912
   180913
   180914
   180915
   180916
   180923
   181559
   181560
   181561
   181562
   181563
   181564
   181565
   181566
   181567
   181568
   181572
   181573
   181574
   182211
   182212
   182213
   182214
   182215
   182216
   182217
   182218
   182219
   182221
   182222
   182223
   182224
   182225
   182862
   182863
   182864
   182865
   182866
   182867
   182868
   182869
   182870
   182871
   182872
   182873
   182874
   182875
   182876
   183514
   183515
   183516
   183517
   183518
   183519
   183520
   183521
   183522
   183523
   183524
   183525
   183526
   184166
   184167
   184168
   184169
   184170
   184171
   184172
   184173
   184174
   184175
   184817
   184818
   184819
   184820
   184821
   184822
   184823
   184824
   185469
   185470
   185471
   185472
   185462
   185463
   186120
   186121
   186111
   186112
   186113
   186114
   186115
   186760
   186761
   186762
   186763
   186764
   186765
   186766
   187409
   187410
   187411
   187412
   187413
   187414
   187415
   187416
   187417
   188060
   188061
   188062
   188063
   188064
   188065
   188066
   188711
   188712
   188713
   188714
   188715
   189411
   189412
   189413
   189414
   189415
   189416
   189417
   189418
   189419
   189363
   189364
   190052
   190053
   190054
   190055
   190056
   190057
   190058
   190059
   190060
   190061
   190062
   190063
   190064
   190065
   190066
   190067
   190068
   190069
   190703
   190704
   190705
   190706
   190707
   190708
   190709
   190710
   190711
   190712
   190713
   190714
   190715
   190716
   190717
   190718
   190719
   190720
   191354
   191355
   191356
   191357
   191358
   191359
   191360
   191361
   191362
   191363
   191364
   191365
   191366
   191367
   191368
   191369
   191370
   192005
   192006
   192007
   192008
   192009
   192010
   192011
   192012
   192013
   192014
   192015
   192016
   192017
   192018
   192019
   192020
   192656
   192657
   192658
   192659
   192660
   192661
   192662
   192663
   192664
   192665
   192666
   192667
   192668
   192669
   192670
   193307
   193308
   193309
   193310
   193311
   193312
   193313
   193314
   193315
   193316
   193317
   193318
   193319
   193320
   193321
   193958
   193959
   193960
   193961
   193962
   193963
   193964
   193965
   193966
   193967
   193968
   193969
   193970
   193971
   194609
   194610
   194611
   194612
   194613
   194614
   194615
   194616
   194617
   194618
   194619
   194620
   194621
   195260
   195261
   195262
   195263
   195264
   195265
   195266
   195267
   195268
   195269
   195270
   195271
   195911
   195912
   195913
   195914
   195915
   195916
   195917
   195918
   195919
   195920
   195921
   195922
   196568
   196569
   196570
   196571
   196572
   197219
   197220
   197221
   197222
   197870
   197871
   197872
   197873
   197931
   197932
   197933
   197934
   198521
   198522
   198523
   198577
   198578
   198579
   198580
   198581
   198582
   198583
   198584
   199172
   199173
   199227
   199228
   199229
   199230
   199231
   199232
   199233
   199234
   199823
   199877
   199878
   199879
   199880
   199881
   199882
   199883
   199884
   200474
   200413
   200527
   200528
   200529
   200530
   200531
   200532
   200533
   200534
   201062
   201063
   201064
   201176
   201177
   201178
   201179
   201180
   201181
   201182
   201183
   201184
   201711
   201712
   201713
   201714
   201826
   201827
   201828
   201829
   201830
   201831
   201832
   201833
   201834
   202361
   202362
   202363
   202364
   202476
   202477
   202478
   202479
   202480
   202481
   202482
   202483
   202484
   203012
   203013
   203014
   203015
   203126
   203127
   203128
   203129
   203130
   203131
   203132
   203133
   203662
   203663
   203664
   203665
   203776
   203777
   203778
   203779
   203780
   203781
   203782
   203783
   204312
   204313
   204314
   204315
   204316
   204426
   204427
   204428
   204429
   204430
   204431
   204432
   204433
   204962
   204963
   204964
   204965
   204966
   205076
   205077
   205078
   205079
   205080
   205081
   205082
   205083
   205612
   205613
   205614
   205615
   205616
   205726
   205727
   205728
   205729
   205730
   205731
   205732
   205733
   206263
   206264
   206265
   206266
   206267
   206376
   206377
   206378
   206379
   206380
   206381
   206382
   206383
   206913
   206914
   206915
   206916
   206917
   207025
   207026
   207027
   207028
   207029
   207030
   207031
   207032
   207033
   207563
   207564
   207565
   207566
   207567
   207568
   207675
   207676
   207677
   207678
   207679
   207680
   207681
   207682
   207683
   208213
   208214
   208215
   208216
   208217
   208218
   208325
   208326
   208327
   208328
   208329
   208330
   208331
   208332
   208333
   208863
   208864
   208865
   208866
   208867
   208868
   208975
   208976
   208977
   208978
   208979
   209514
   209515
   209516
   209517
   209518
   209519
   210164
   210165
   210166
   217998
   217999
   218000
   218001
   218002
   218003
   218004
   218642
   218643
   218644
   218645
   218646
   218647
   218648
   218649
   218650
   218651
   218652
   218653
   218654
   219293
   219294
   219295
   219296
   219297
   219298
   219299
   219300
   219301
   219302
   219303
   219304
   219944
   219945
   219946
   219947
   219948
   219949
   219950
   219951
   219952
   219953
   219954
   220594
   220595
   220596
   220597
   220598
   220599
   220600
   220601
   220602
   220603
   220604
   221245
   221246
   221247
   221248
   221249
   221250
   221251
   221252
   221253
   221254
   221896
   221897
   221898
   221899
   221900
   221901
   221902
   221903
   221904
   222547
   222548
   222549
   222550
   232941
   232942
   232943
   232944
   232945
   232946
   232947
   232948
   232949
   232950
   232951
   233591
   233592
   233593
   233594
   233595
   233596
   233597
   233598
   233599
   233600
   234241
   234242
   234243
   234244
   234245
   234246
   234247
   234248
   234249
   234250
   234891
   234892
   234893
   234894
   234895
   234896
   234897
   234898
   234899
   234900
   235541
   235542
   235543
   235544
   235545
   235546
   235547
   235548
   235549
   236192
   236193
   236194
   236195
   236196
   236197
   236198
   236199
   236843
   236844
   236845
   236846
   236847
   236848
   236849
   237494
   237495
   237496
   237497
   237498
   238145
   238146
   238147
   238148
   238796
   238797
   238798
   239447

   196030
   196031
   196677
   196678
   196679
   196680
   196681
   197323
   197324
   197325
   197326
   197327
   197328
   197329
   197330
   197331
   197970
   197971
   197972
   197973
   197974
   197975
   197976
   197977
   197978
   197979
   197980
   197981
   198616
   198617
   198618
   198619
   198620
   198621
   198622
   198623
   198624
   198625
   198626
   198627
   198628
   198629
   198630
   198631
   199263
   199264
   199265
   199266
   199267
   199268
   199269
   199270
   199271
   199272
   199273
   199274
   199275
   199276
   199277
   199278
   199279
   199280
   199281
   199911
   199912
   199913
   199914
   199915
   199916
   199917
   199918
   199919
   199920
   199921
   199922
   199923
   199924
   199925
   199926
   199927
   199928
   199929
   199930
   199931
   200560
   200561
   200562
   200563
   200564
   200565
   200566
   200567
   200568
   200569
   200570
   200571
   200572
   200573
   200574
   200575
   200576
   200577
   200578
   200579
   200580
   200581
   201210
   201211
   201212
   201213
   201214
   201215
   201216
   201217
   201218
   201219
   201220
   201221
   201222
   201223
   201224
   201225
   201226
   201227
   201228
   201229
   201230
   201231
   201859
   201860
   201861
   201862
   201863
   201864
   201865
   201866
   201867
   201868
   201869
   201870
   201871
   201872
   201873
   201874
   201875
   201876
   201877
   201878
   201879
   201880
   201881
   201882
   202509
   202510
   202511
   202512
   202513
   202514
   202515
   202516
   202517
   202518
   202519
   202520
   202521
   202522
   202523
   202524
   202525
   202526
   202527
   202528
   202529
   202530
   202531
   202532
   203159
   203160
   203161
   203162
   203163
   203164
   203165
   203166
   203167
   203168
   203169
   203170
   203171
   203172
   203173
   203174
   203175
   203176
   203177
   203178
   203179
   203180
   203181
   203182
   203808
   203809
   203810
   203811
   203812
   203813
   203814
   203815
   203816
   203817
   203818
   203819
   203820
   203821
   203822
   203823
   203824
   203825
   203826
   203827
   203828
   203829
   203830
   203831
   203832
   204458
   204459
   204460
   204461
   204462
   204463
   204464
   204465
   204466
   204467
   204468
   204469
   204470
   204471
   204472
   204473
   204474
   204475
   204476
   204477
   204478
   204479
   204480
   204481
   204482
   205107
   205108
   205109
   205110
   205111
   205112
   205113
   205114
   205115
   205116
   205117
   205118
   205119
   205120
   205121
   205122
   205123
   205124
   205125
   205126
   205127
   205128
   205129
   205130
   205131
   205132
   205757
   205758
   205759
   205760
   205761
   205762
   205763
   205764
   205765
   205766
   205767
   205768
   205769
   205770
   205771
   205772
   205773
   205774
   205775
   205776
   205777
   205778
   205779
   205780
   205781
   205782
   206406
   206407
   206408
   206409
   206410
   206411
   206412
   206413
   206414
   206415
   206416
   206417
   206418
   206419
   206420
   206421
   206422
   206423
   206424
   206425
   206426
   206427
   206428
   206429
   206430
   206431
   206432
   207056
   207057
   207058
   207059
   207060
   207061
   207062
   207063
   207064
   207065
   207066
   207067
   207068
   207069
   207070
   207071
   207072
   207073
   207074
   207075
   207076
   207077
   207078
   207079
   207080
   207081
   207082
   207705
   207706
   207707
   207708
   207709
   207710
   207711
   207712
   207713
   207714
   207715
   207716
   207717
   207718
   207719
   207720
   207721
   207722
   207723
   207724
   207725
   207726
   207727
   207728
   207729
   207730
   207731
   207732
   208355
   208356
   208357
   208358
   208359
   208360
   208361
   208362
   208363
   208364
   208365
   208366
   208367
   208368
   208369
   208370
   208371
   208372
   208373
   208374
   208375
   208376
   208377
   208378
   208379
   209005
   209006
   209007
   209008
   209009
   209010
   209011
   209012
   209013
   209014
   209015
   209016
   209017
   209018
   209019
   209020
   209021
   209022
   209023
   209654
   209655
   209656
   209657
   209658
   209659
   209660
   209661
   209662
   209663
   209664
   209665
   209666
   209667
   210304
   210305
   210306
   210307
   210308
   210309
   210310
   210311
   210953
   210954
   210955

   196101
   196750
   196751
   196752
   197400
   197401
   197402
   197403
   198050
   198051
   198052
   198053
   198054
   198699
   198700
   198701
   198702
   198703
   198704
   198705
   199349
   199350
   199351
   199352
   199353
   199354
   199355
   199356
   199999
   200000
   200001
   200002
   200003
   200004
   200005
   200006
   200007
   200648
   200649
   200650
   200651
   200652
   200653
   200654
   200655
   200656
   200657
   201298
   201299
   201300
   201301
   201302
   201303
   201304
   201305
   201306
   201947
   201948
   201949
   201950
   201951
   201952
   201953
   201954
   201955
   201956
   202597
   202598
   202599
   202600
   202601
   202602
   202603
   202604
   202605
   202606
   203247
   203248
   203249
   203250
   203251
   203252
   203253
   203254
   203255
   203896
   203897
   203898
   203899
   203900
   203901
   203902
   203903
   203904
   203905
   204546
   204547
   204548
   204549
   204550
   204551
   204552
   204553
   204554
   205195
   205196
   205197
   205198
   205199
   205200
   205201
   205202
   205203
   205204
   205845
   205846
   205847
   205848
   205849
   205850
   205851
   205852
   205853
   205854
   206495
   206496
   206497
   206498
   206499
   206500
   206501
   206502
   206503
   207144
   207145
   207146
   207147
   207148
   207149
   207150
   207151
   207152
   207153
   207794
   207795
   207796
   207797
   207798
   207799
   207800
   207801
   207802
   207803
   208444
   208445
   208446
   208447
   208448
   208449
   208450
   208451
   208452
   209093
   209094
   209095
   209096
   209097
   209098
   209099
   209100
   209101
   209102
   209743
   209744
   209745
   209746
   209747
   209748
   209749
   209750
   209751
   210392
   210393
   210394
   210395
   210396
   210397
   210398
   210399
   210400
   210401
   211042
   211043
   211044
   211045
   211046
   211047
   211048
   211049
   211050
   211051
   211692
   211693
   211694
   211695
   211696
   211697
   211698
   211699
   211700
   212341
   212342
   212343
   212344
   212345
   212346
   212347
   212348
   212349
   212350
   212991
   212992
   212993
   212994
   212995
   212996
   212997
   212998
   212999
   213641
   213642
   213643
   213644
   213645
   213646
   213647
   213648
   213649
   214290
   214291
   214292
   214293
   214294
   214295
   214296
   214297
   214298
   214299
   214940
   214941
   214942
   214943
   214944
   214945
   214946
   214947
   214948
   215589
   215590
   215591
   215592
   215593
   215594
   215595
   215596
   215597
   215598
   216239
   216240
   216241
   216242
   216243
   216244
   216245
   216246
   216247
   216889
   216890
   216891
   216892
   216893
   216894
   216895
   216896
   216897
   217538
   217539
   217540
   217541
   217542
   217543
   217544
   217545
   217546
   217547
   218188
   218189
   218190
   218191
   218192
   218193
   218194
   218195
   218196
   218838
   218839
   218840
   218841
   218842
   218843
   218844
   218845
   218846
   219487
   219488
   219489
   219490
   219491
   219492
   219493
   219494
   219495
   219496
   220137
   220138
   220139
   220140
   220141
   220142
   220143
   220144
   220145
   220786
   220787
   220788
   220789
   220790
   220791
   220792
   220793
   220794
   220795
   221436
   221437
   221438
   221439
   221440
   221441
   221442
   221443
   221444
   222086
   222087
   222088
   222089
   222090
   222091
   222092
   222093
   222094
   222735
   222736
   222737
   222738
   222739
   222740
   222741
   222742
   222743
   222744
   223385
   223386
   223387
   223388
   223389
   223390
   223392
   223393
   224034
   224035
   224036
   224037
   224038
   224039
   224684
   224685
   224686
   224687
   224688
   224689
   225334
   225335
   225336
   225337
   225338
   225339
   225983
   225984
   225985
   225986
   225987
   225988
   226633
   226634
   226635
   226636
   226637
   226638
   227283
   227284
   227285
   227286
   227287
   227932
   227933
   227934
   227935
   227936
   227937
   228583
   228584
   228585
   228586
   228587
   229236
   356605
   356606
   356607
   356608
   356609
   356610
   356611
   357249
   357250
   357251
   357252
   357253
   357254
   357255
   357256
   357257
   357258
   357259
   357260
   357261
   357898
   357899
   357900
   357901
   357902
   357903
   357904
   357905
   357906
   357907
   357908
   357909
   357910
   357911
   358547
   358548
   358549
   358550
   358551
   358552
   358553
   358554
   358555
   358556
   358557
   358558
   358559
   358560
   358561
   359197
   359198
   359199
   359200
   359201
   359202
   359203
   359204
   359205
   359206
   359207
   359208
   359209
   359210
   359211
   359846
   359847
   359848
   359849
   359850
   359851
   359852
   359853
   359854
   359855
   359856
   359857
   359858
   359859
   359860
   359861
   360496
   360497
   360498
   360499
   360500
   360501
   360502
   360503
   360504
   360505
   360506
   360507
   360508
   360509
   360510
   360511
   361145
   361146
   361147
   361148
   361149
   361150
   361151
   361152
   361153
   361154
   361155
   361156
   361157
   361158
   361159
   361160
   361161
   361794
   361795
   361796
   361797
   361798
   361799
   361800
   361801
   361802
   361803
   361804
   361805
   361806
   361807
   361808
   361809
   361810
   361811
   362444
   362445
   362446
   362447
   362448
   362449
   362450
   362451
   362452
   362453
   362454
   362455
   362456
   362457
   362458
   362459
   362460
   362461
   363093
   363094
   363095
   363096
   363097
   363098
   363099
   363100
   363101
   363102
   363103
   363104
   363105
   363106
   363107
   363108
   363109
   363110
   363111
   363742
   363743
   363744
   363745
   363746
   363747
   363748
   363749
   363750
   363751

    85464
    85465
    86113
    86114
    86762
    86763
    87411
    87412
    88060
    88061
    88709
    89358
    90007
    91935
    91936
    92584
    92585
    92586
    92587
    92588
    93235
    93236
    93237
    93238
    93239
    93240
    93241
    93886
    93887
    93888
    93889
    93890
    93891
    93892
    93893
    94537
    94538
    94539
    94540
    94541
    94542
    94543
    94544
    95189
    95190
    95191
    95192
    95193
    95840
    95841
    95842
    96491
   118413
   118414
   118415
   118416
   118417
   118418
   118419
   119064
   119065
   119066
   119067
   119068
   119069
   119070
   119714
   119715
   119716
   119717
   119718
   119719
   119720
   120365
   120366
   120367
   120368
   120369
   121015
   121016
   121017
   121018
   121666
   134807
   134808
   135458
   135459
   136109
   136110
   136760
   165430
   165431
   165432
   165433
   165438
   165439
   165440
   166081
   166082
   166083
   166084
   166085
   166086
   166087
   166088
   166089
   166090
   249124
   249772
   249773
   249774
   250421
   250422
   250423
   250424
   250425
   251071
   251072
   251073
   251074
   251075
   251722
   251723
   251724
   252372
   274470
   274471
   274472
   274473
   274474
   275120
   275121
   275122
   275123
   275124
   275125
   275771
   275772
   275773
   275774
   275775
   275776
